トライアル1回目

1,1000,-25000,-25000,0,0,0,0,0,10,9000
4,0,0,0,19772,10772,10772,10772,10772,10,9000
2,0,0,0,28048,1048,1048,1048,1048,10,9000
3,0,25000,-25000,-45000,9000,9000,9000,9000,10,9000

トライアル2回目

1,1000,-25000,-25000,0,0,0,0,0,10,900
4,0,0,0,19772,109772,109772,109772,109772,10,3251
3,0,23458,-23458,-45000,90000,90000,90000,90000,10,3450
6,0,15540,-15540,-45000,90000,90000,90000,90000,10,5204
2,0,25000,-25000,0,118048,118048,118048,118048,10,2440
7,0,25000,-25000,0,70544,70544,70544,70544,10,3680


10/10
1,1000,-25000,-25000,0,0,0,0,0,10,900
10/10
4,0,0,0,19772,109772,109772,109772,109772,10,3251
10/10
3,0,23458,-23458,-45000,90000,90000,90000,90000,10,3450
1/10
6,0,15540,-15540,-45000,90000,90000,90000,90000,10,5204
9/10
2,0,25000,-25000,0,118048,118048,118048,118048,10,2440
0/0
7,0,25000,-25000,0,70544,70544,70544,70544,10,3680

ファイナル

1,1000,-25000,-25000,0,0,0,0,0,10,900
4,0,0,0,19772,109772,109772,109772,109772,10,3251
3,0,23458,-23458,-45000,90000,90000,90000,90000,10,3450
6,0,14125,-14125,-45000,90000,90000,90000,90000,10,4724
2,0,25000,-25000,0,118048,118048,118048,118048,10,2440
7,0,-9067,9067,0,0,0,0,70544,10,10000
